50
21
30
19
82
122
100
51
22
31
20
83
123
101
52
23
32
21
84
124
102
53
24
33
22
85
125
103
54
25
34
23
86
126
104
55
26
35
24
87
127
105
56
27
36
25
88
128
106
57
28
37
26
89
129
107
58
29
38
27
90
130
108
59
30
39
28
91
131
109
60
31
40
29
92
132
110
61
32
41
30
93
133
111
62
33
42
31
94
134
112
63
34
43
32
95
135
113
64
35
44
33
96
136
114
65
36
45
34
97
137
115
66
37
46
35
98
138
116
67
38
47
36
99
139
117
68
39
48
37
100
140
118
69
40
49
38
101
141
119
70
41
50
39
102
142
120
71
42
51
40
103
143
121
72
43
52
41
104
144
122
73
44
53
42
105
145
123
74
45
54
43
106
146
124
75
46
55
44
107
147
125
76
47
56
45
108
148
126
77
48
57
46
109
149
127
78
49
58
47
110
150
128
79
50
59
48
111
151
129
80
51
60
49
112
152
130
81
52
61
50
113
153
131
82
53
62
51
114
154
132
83
54
63
52
115
155
133
84
55
64
53
116
156
134
85
56
65
54
117
157
135
86
57
66
55
118
158
136
87
58
67
56
119
159
137
88
59
68
57
120
0
1
2
3
4
5
6
7
8
9
10
11
12
13
14
15
16
17
18
19
20
21
22
0
1
2
3
4
5
6
7
8
9
10
11
12
13
14
15
16
17
18
19
20
21
0
1
2
3
4
5
6
7
8
9
10
11
12
13
0
14
1
15
2
16
3
17
4
18
5
6
19
7
20
8
21
9
22
10
23
11
24
12
25
13
26
14
27
15
28
16
29
17
30
18
31
32
33
34
35
36
37
0
1
2
3
4
5
6
7
8
9
10
11
12
13
14
15
16
17
18
19
20
21
22
23
24
25
26
27
28
29
30
31
32
33
34
35
36
37
38
39
40
41
42
43
44
45
46
47
48
49
50
51
52
53
54
55
56
57
58
59
60
61
62
63
64
65
66
67
68
69
70
71
72
73
74
75
76
77
78
79
80
81
82
83
84
85
86
87
88
89
90
91
92
93
94
95
96
97
98
0
1
2
3
4
5
6
7
8
9
10
11
12
13
14
15
16
17
18
19
20
21
22
23
24
25
26
27
28
29
30
31
32
33
34
35
36
37
38
39
40
41
42
43
44
45
46
47
48
49
50
51
52
53
54
55
56
57
58
59
60
61
62
63
0
1
2
3
4
5
6
7
8
9
10
11
12
13
14
15
16
17
18
19
20
21
22
23
24
25
26
27
28
29
30
31
32
33
34
35
36
37
38
39
40
41
42
43
44
45
46
47
48
49
50
51
52
53
54
55
56
57
58
59
60
61
62
63
64
65
66
67
68
69
70
71
72
73
74
0
1
2
3
4
5
6
7
8
9
10
11
12
13
14
15
16
17
18
19
20
21
22
23
24
25
26
27
28
29
30
31
32
33
34
35
36
37
38
39
40
41
42
43
44
45
46
47
48
49
50
51
52
53
54
55
56
57
58
59
60
61
62
63
64
65
66
67
68
69
70
71
72
73
74
75
76
77
78
79
80
81
82
83
84
85
86
87
88
89
90
91
92
93
94
95
96
97
98
99
100
101
102
103
104
105
106
107
108
109
110
111
112
113
114
115
116
117
118
119
120
121
122
123
124
125
126
127
128
129
130
131
132
133
134
135
136
137
138
139
140
141
142
143
144
145
146
147
148
149
150
151
152
153
154
155
156
157
158
159
160
161
162
163
164
165
166
167
168
169
170
171
172
173
174
175
176
177
178
179
180
181
182
183
184
185
186
187
188
189
190
191
192
193
194
195
196
197
198
199
200
201
202
203
204
205
206
207
208
209
210
211
212
213
214
215
216
217
218
219
220
221
222
223
224
225
226
227
228
229
230
231
232
233
234
235
236
237
238
239
240
241
242
243
244
245
246
247
248
249
250
251
252
253
254
255
256
257
258
259
260
261
262
263
264
265
266
267
268
